source=run_20260612_114257/xi_log_moments.json
jmax=360 max_curvature_index=359
PARTIAL_C0
166 0.99529285471291903956943367033374809002476972322022 -1.0017652952205960225421669722429245637922167314957 1.001766854271463995455189386247614357732
200 0.99664636718784532849770632374273866690333286722146 -1.0006563870933746290810033727305261485405787934915 1.000656602562523947531930147399550966311
240 0.9977596685505956925491843362458360459663566865145 -0.99974961070618555331067473949618301156946935871617 0.9997496420509685944757918609913599801213
280 0.99856225343505658415804788437317843847048105402231 -0.99909918137517579226263002298959006110954524306278 0.9990995869904687947960650118435177626308
320 0.999168682283630483567809559355026294686263082815 -0.9986096981791270445456852951974378551840272962699 0.9986106642009644357990279596931753529495
340 0.99941960178305046842992799288813186180250647103489 -0.99840769782011011731930707309379462018086606062776 0.998408964860633136453698240551575670161
359 0.99963266628162076474285401355869058581433797707528 -0.99823642790156646819078893291848812543124276401576 0.998237982081069529525717485338745341061
TERM_BLOCKS
167 200 sum 0.001353512474926288928272653408990576878563 min 0.0000333934496265676212838037438746 max 0.0000474219927682736387417867349833 last 0.0000333934496265676212838037438746
201 240 sum 0.001113301362750364051478012503097379063024 min 0.0000234100250228688635618719161071 max 0.0000330708000254437912027404434987 last 0.0000234100250228688635618719161071
241 280 sum 0.0008025848844608916088635481273423925041244 min 0.000017329775269578605548499630774 max 0.0000232210062045410110091526062944 last 0.000017329775269578605548499630774
281 320 sum 0.000606428848573899409761674981847856215782 min 0.0000133513889179573710091304759146 max 0.000017209585584069506215264339572 last 0.0000133513889179573710091304759146
321 359 sum 0.0004639839979902811750444542036642911280749 min 0.0000106632077918381745154524450374 max 0.0000132702306600933456782760378841 last 0.0000106632077918381745154524450374
LAST_TERMS
340 0.000011859461808229974380120014515483477 0.0017748820257481324645460386298403527 0.0017630225639399024901659186153248692
341 0.000011791564725019465433320737417491527 0.001770196327418099413793906507347373 0.0017584047626930799483605857699298815
342 0.00001172425206163866090308233188057079 0.0017655361545310224232752764858241014 0.0017538119024693837623721941539435306
343 0.000011657517110651595536669977765887557 0.0017609012960488545469533360479219197 0.0017492437789382029514166660701560322
344 0.000011591353260756674456587594657260407 0.001756291543272913772002158138538941 0.0017447001900121570975455705438816806
345 0.000011525753995135754121021686687319397 0.001751706689811379684118483166454932 0.0017401809358162439299974614797676126
346 0.000011460712889836238963101184166564324 0.0017471465315473326923409105730456267 0.0017356858186574964533778093888790624
347 0.000011396223612185440675960681238357933 0.0017426108666073252450110837243994368 0.0017312146429951398043351230431610789
348 0.000011332279919236466390447792518942584 0.0017380994953304747036805569485301833 0.0017267672154112382372901091560112408
349 0.000011268875656244920724965433024952609 0.0017336122202380677710540216871850495 0.0017223433445818228503290562541600969
350 0.000011206004755175724889429838020917782 0.0017291488460036665926277201105192962 0.0017179428412484908677382902724983784
351 0.000011143661233239373714120586144641897 0.0017247091794237068696894906724551349 0.001713565518190467495975370086310493
352 0.000011081839191456968665208762522860147 0.0017202930293885785339474591958482746 0.0017092111901971215652822504333254145
353 0.000011020532813253381617346505913529771 0.0017159002068541797413967455136297109 0.0017048796740409263597793990077161812
354 0.00001095973636307792039474167642519614 0.0017115305248139351452620336047971013 0.0017005707884508572248672919283719051
355 0.000010899444185051882879983517875866012 0.0017071837982712696051084347122493643 0.0016962843540862177222284511943734983
356 0.000010839650701642401838407372346531865 0.0017028598442125286816295312080929775 0.0016920201935108862797911238357464456
357 0.000010780350412361997528404607112383254 0.0016985584815803374543315258609116343 0.0016877781311679754568031212537992511
358 0.000010721537892493269677767939802011519 0.0016942795312473893824638002896947587 0.0016835579933548961127860323498927472
359 0.000010663207791838174515452445037438498 0.0016900228159906571082228614133921099 0.0016793596081988189337074089683546714
